Douglas Leonel de Almeida
Matricula - 2110213

b) A matriz de adjacência do grafo G é:

   | 1 2 3 4 5 6
---+------------
 1 | 0 0 1 1 1 0
 2 | 0 0 1 1 1 0
 3 | 1 1 0 0 1 0
 4 | 1 1 0 0 1 0
 5 | 1 1 1 1 0 0
 6 | 0 0 0 0 0 0

A matriz de incidência do grafo G é:

   | (1,3) (1,4) (1,5) (2,3) (2,4) (2,5) (3,5) (4,5)
---+-----------------------------------------------
 1 |   1     1     1     0     0     0     0     0
 2 |   0     0     0     1     1     1     0     0
 3 |   1     0     0     1     0     0     1     0
 4 |   0     1     0     0     1     0     1     0
 5 |   0     0     1     0     0     1     1     1
 6 |   0     0     0     0     0     0     0     0
